#An collect of fourth order 16 stage esrk tableaus for analysis they need to placed into lower triangle form 


a=[0.05605715857334101, 0.05286571540963862, 0.05290454917816209, 0.05286571540963862, 0.05286571540963862, 0.06833019911420511, 0.05286571540963862, 0.05286571540963862, 0.05286571540963862, 0.007879729461231815, 0.05286571540963862, 0.05286571540963862, 0.05286571540963862, 0.05286571540963862, 0.10465469206441057, 0.05286571540963862, 0.05286571540963862, 0.05286571540963862, 0.05286571540963862, 0.05286571540963862, 0.01066546103886995, 0.05286571540963862, 0.05286571540963862, 0.05286571540963862, 0.05286571540963862, 0.05286571540963862, 0.05286571540963862, 0.15897186468087526, 0.05286571540963862, 0.05286571540963862, 0.05286571540963862, 0.05286571540963862, 0.05286571540963862, 0.05286571540963862, 0.05286571540963862, 0.40590755609144746, 0.05286571540963862, 0.05286571540963862, 0.05286571540963862, 0.05286571540963862, 0.05286571540963862, 0.05286571540963862, 0.05286571540963862, 0.05286571540963862, 0.28195336240245045, 0.05286571540963862, 0.05286571540963862, 0.05286571540963862, 0.05286571540963862, 0.05286571540963862, 0.05286571540963862, 0.05286571540963862, 0.05286571540963862, -0.3212623636406718, 1.082342007629953e-05, 0.05286571540963862, 0.05286571540963862, 0.05286571540963862, 0.05286571540963862, 0.05286571540963862, 0.05286571540963862, 0.05286571540963862, 0.05286571540963862, -0.3212623636406718, 0.2425705195506756, 0.21275272127631875, 0.05286571540963862, 0.05286571540963862, 0.05286571540963862, 0.05286571540963862, 0.05286571540963862, 0.05286571540963862, 0.05286571540963862, 0.05286571540963862, -0.3212623636406718, 0.2425705195506756, -0.022707660602945066, 0.28310569797044477, 0.05286571540963862, 0.05286571540963862, 0.05286571540963862, 0.05286571540963862, 0.05286571540963862, 0.05286571540963862, 0.05286571540963862, 0.05286571540963862, -0.3212623636406718, 0.2425705195506756, -0.022707660602945066, 0.08375616639653707, 0.38956974385079585, 0.05286571540963862, 0.05286571540963862, 0.05286571540963862, 0.05286571540963862, 0.05286571540963862, 0.05286571540963862, 0.05286571540963862, 0.05286571540963862, -0.3212623636406718, 0.2425705195506756, -0.022707660602945066, 0.08375616639653707, 0.21655414821724264, 0.38781060912139453, 0.05286571540963862, 0.05286571540963862, 0.05286571540963862, 0.05286571540963862, 0.05286571540963862, 0.05286571540963862, 0.05286571540963862, 0.05286571540963862, -0.3212623636406718, 0.2425705195506756, -0.022707660602945066, 0.08375616639653707, 0.21655414821724264, 0.34706141509847754, -0.0019522316240544887]
b=[0.05286571540963862, 0.05286571540963862, 0.05286571540963862, 0.05286571540963862, 0.05286571540963862, 0.05286571540963862, 0.05286571540963862, 0.05286571540963862, -0.3212623636406718, 0.2425705195506756, -0.022707660602945066, 0.08375616639653707, 0.21655414821724264, 0.34706141509847754, 0.33047192159344096, -0.2993698698898659]
0.05286571540963862


a=[0.4840322176479906, 0.09862985274030009, 0.3135108193336061, 0.09862985274030009, 0.09862985274030009, 0.17333855841633225, 0.09862985274030009, 0.09862985274030009, 0.09862985274030009, 0.14255132033314108, 0.09862985274030009, 0.09862985274030009, 0.09862985274030009, 0.09862985274030009, 0.11640966356188277, 0.09862985274030009, 0.09862985274030009, 0.09862985274030009, 0.09862985274030009, 0.09862985274030009, 0.00021957134185754268, 0.09862985274030009, 0.09862985274030009, 0.09862985274030009, 0.09862985274030009, 0.09862985274030009, 0.09862985274030009, -0.12196770928777284, 0.09862985274030009, 0.09862985274030009, 0.09862985274030009, 0.09862985274030009, 0.09862985274030009, 0.09862985274030009, 0.09862985274030009, -0.207154474196716, 0.09862985274030009, 0.09862985274030009, 0.09862985274030009, 0.09862985274030009, 0.09862985274030009, 0.09862985274030009, 0.09862985274030009, 0.09862985274030009, 0.018636063347043177, 0.09862985274030009, 0.09862985274030009, 0.09862985274030009, 0.09862985274030009, 0.09862985274030009, 0.09862985274030009, 0.09862985274030009, 0.09862985274030009, -0.4340574811180196, 0.45662022744532477, 0.09862985274030009, 0.09862985274030009, 0.09862985274030009, 0.09862985274030009, 0.09862985274030009, 0.09862985274030009, 0.09862985274030009, 0.09862985274030009, -0.4340574811180196, 0.013726602993762585, -0.28952295943121414, 0.09862985274030009, 0.09862985274030009, 0.09862985274030009, 0.09862985274030009, 0.09862985274030009, 0.09862985274030009, 0.09862985274030009, 0.09862985274030009, -0.4340574811180196, 0.013726602993762585, 0.056452907639256075, -0.00017994759845236074, 0.09862985274030009, 0.09862985274030009, 0.09862985274030009, 0.09862985274030009, 0.09862985274030009, 0.09862985274030009, 0.09862985274030009, 0.09862985274030009, -0.4340574811180196, 0.013726602993762585, 0.056452907639256075, 0.057859531498276384, 0.43242305044982937, 0.09862985274030009, 0.09862985274030009, 0.09862985274030009, 0.09862985274030009, 0.09862985274030009, 0.09862985274030009, 0.09862985274030009, 0.09862985274030009, -0.4340574811180196, 0.013726602993762585, 0.056452907639256075, 0.057859531498276384, 0.22059756202807293, -0.24058688344560986, 0.09862985274030009, 0.09862985274030009, 0.09862985274030009, 0.09862985274030009, 0.09862985274030009, 0.09862985274030009, 0.09862985274030009, 0.09862985274030009, -0.4340574811180196, 0.013726602993762585, 0.056452907639256075, 0.057859531498276384, 0.22059756202807293, 0.1528167003257629, -0.0001900409075150595]
b=[0.09862985274030009, 0.09862985274030009, 0.09862985274030009, 0.09862985274030009, 0.09862985274030009, 0.09862985274030009, 0.09862985274030009, 0.09862985274030009, -0.4340574811180196, 0.013726602993762585, 0.056452907639256075, 0.057859531498276384, 0.22059756202807293, 0.1528167003257629, 0.05562659642557619, 0.08793875828491182]



a=[0.170767953227559, 0.0199560894638336, -0.028207748142954094, 0.0199560894638336, 0.0199560894638336, -0.040073014921566154, 0.0199560894638336, 0.0199560894638336, 0.0199560894638336, 0.0006010658224469012, 0.0199560894638336, 0.0199560894638336, 0.0199560894638336, 0.0199560894638336, 0.03102029082566621, 0.0199560894638336, 0.0199560894638336, 0.0199560894638336, 0.0199560894638336, 0.0199560894638336, 0.0791855612903869, 0.0199560894638336, 0.0199560894638336, 0.0199560894638336, 0.0199560894638336, 0.0199560894638336, 0.0199560894638336, 0.35362533228010407, 0.0199560894638336, 0.0199560894638336, 0.0199560894638336, 0.0199560894638336, 0.0199560894638336, 0.0199560894638336, 0.0199560894638336, 0.3907514326032922, 0.0199560894638336, 0.0199560894638336, 0.0199560894638336, 0.0199560894638336, 0.0199560894638336, 0.0199560894638336, 0.0199560894638336, 0.0199560894638336, 0.007725657846845577, 0.0199560894638336, 0.0199560894638336, 0.0199560894638336, 0.0199560894638336, 0.0199560894638336, 0.0199560894638336, 0.0199560894638336, 0.0199560894638336, 0.19285629156393963, 0.3220873643963249, 0.0199560894638336, 0.0199560894638336, 0.0199560894638336, 0.0199560894638336, 0.0199560894638336, 0.0199560894638336, 0.0199560894638336, 0.0199560894638336, 0.19285629156393963, 0.13716267551871567, -0.3945313476515597, 0.0199560894638336, 0.0199560894638336, 0.0199560894638336, 0.0199560894638336, 0.0199560894638336, 0.0199560894638336, 0.0199560894638336, 0.0199560894638336, 0.19285629156393963, 0.13716267551871567, 0.22845373657638718, 0.329090415719489, 0.0199560894638336, 0.0199560894638336, 0.0199560894638336, 0.0199560894638336, 0.0199560894638336, 0.0199560894638336, 0.0199560894638336, 0.0199560894638336, 0.19285629156393963, 0.13716267551871567, 0.22845373657638718, 0.03239236315088216, -9.791293263043221e-05, 0.0199560894638336, 0.0199560894638336, 0.0199560894638336, 0.0199560894638336, 0.0199560894638336, 0.0199560894638336, 0.0199560894638336, 0.0199560894638336, 0.19285629156393963, 0.13716267551871567, 0.22845373657638718, 0.03239236315088216, -0.015921240765904426, 0.14524187982105088, 0.0199560894638336, 0.0199560894638336, 0.0199560894638336, 0.0199560894638336, 0.0199560894638336, 0.0199560894638336, 0.0199560894638336, 0.0199560894638336, 0.19285629156393963, 0.13716267551871567, 0.22845373657638718, 0.03239236315088216, -0.015921240765904426, 0.2493942749720217, 0.3593723787824455]
b=[0.0199560894638336, 0.0199560894638336, 0.0199560894638336, 0.0199560894638336, 0.0199560894638336, 0.0199560894638336, 0.0199560894638336, 0.0199560894638336, 0.19285629156393963, 0.13716267551871567, 0.22845373657638718, 0.03239236315088216, -0.015921240765904426, 0.2493942749720217, -0.01269307058112576, 0.028706253854415015]
0.0199560894638336



a=[0.013009329649396072, 0.09481564959954167, 0.3146644315894552, 0.09481564959954167, 0.09481564959954167, 0.4187073212602262, 0.09481564959954167, 0.09481564959954167, 0.09481564959954167, 0.2550604624207876, 0.09481564959954167, 0.09481564959954167, 0.09481564959954167, 0.09481564959954167, -0.00013769141313294306, 0.09481564959954167, 0.09481564959954167, 0.09481564959954167, 0.09481564959954167, 0.09481564959954167, -0.2645896921620251, 0.09481564959954167, 0.09481564959954167, 0.09481564959954167, 0.09481564959954167, 0.09481564959954167, 0.09481564959954167, 0.15750736779404687, 0.09481564959954167, 0.09481564959954167, 0.09481564959954167, 0.09481564959954167, 0.09481564959954167, 0.09481564959954167, 0.09481564959954167, -0.0017104126239738983, 0.09481564959954167, 0.09481564959954167, 0.09481564959954167, 0.09481564959954167, 0.09481564959954167, 0.09481564959954167, 0.09481564959954167, 0.09481564959954167, -0.10465151937001946, 0.09481564959954167, 0.09481564959954167, 0.09481564959954167, 0.09481564959954167, 0.09481564959954167, 0.09481564959954167, 0.09481564959954167, 0.09481564959954167, 0.35297387212390974, -0.5895644475793625, 0.09481564959954167, 0.09481564959954167, 0.09481564959954167, 0.09481564959954167, 0.09481564959954167, 0.09481564959954167, 0.09481564959954167, 0.09481564959954167, 0.35297387212390974, 0.3939801102334871, 0.15599048175058142, 0.09481564959954167, 0.09481564959954167, 0.09481564959954167, 0.09481564959954167, 0.09481564959954167, 0.09481564959954167, 0.09481564959954167, 0.09481564959954167, 0.35297387212390974, 0.3939801102334871, -0.6037801328566886, -0.49162524295488386b=, 0.09481564959954167, 0.09481564959954167, 0.09481564959954167, 0.09481564959954167, 0.09481564959954167, 0.09481564959954167, 0.09481564959954167, 0.09481564959954167, 0.35297387212390974, 0.3939801102334871, -0.6037801328566886, -0.049562046933890234, 0.00040267703832388995, 0.09481564959954167, 0.09481564959954167, 0.09481564959954167, 0.09481564959954167, 0.09481564959954167, 0.09481564959954167, 0.09481564959954167, 0.09481564959954167, 0.35297387212390974, 0.3939801102334871, -0.6037801328566886, -0.049562046933890234, 0.0004244487285258079, 0.5601534175679117, 0.09481564959954167, 0.09481564959954167, 0.09481564959954167, 0.09481564959954167, 0.09481564959954167, 0.09481564959954167, 0.09481564959954167, 0.09481564959954167, 0.35297387212390974, 0.3939801102334871, -0.6037801328566886, -0.049562046933890234, 0.0004244487285258079, 0.3517436438997201, -0.0007032701863732717]
b=[0.09481564959954167, 0.09481564959954167, 0.09481564959954167, 0.09481564959954167, 0.09481564959954167, 0.09481564959954167, 0.09481564959954167, 0.09481564959954167, 0.35297387212390974, 0.3939801102334871, -0.6037801328566886, -0.049562046933890234, 0.0004244487285258079, 0.3517436438997201, 0.37527134612081425, -0.5795764381122113]



a=[0.05432258730880725, 0.053990869806191284, 0.01955028292092752, 0.053990869806191284, 0.053990869806191284, 0.08111258880810976, 0.053990869806191284, 0.053990869806191284, 0.053990869806191284, 0.06351285285294438, 0.053990869806191284, 0.053990869806191284, 0.053990869806191284, 0.053990869806191284, 0.06622224944611946, 0.053990869806191284, 0.053990869806191284, 0.053990869806191284, 0.053990869806191284, 0.053990869806191284, 0.07201509512452489, 0.053990869806191284, 0.053990869806191284, 0.053990869806191284, 0.053990869806191284, 0.053990869806191284, 0.053990869806191284, 0.08300339310488297, 0.053990869806191284, 0.053990869806191284, 0.053990869806191284, 0.053990869806191284, 0.053990869806191284, 0.053990869806191284, 0.053990869806191284, 0.06624216669716665, 0.053990869806191284, 0.053990869806191284, 0.053990869806191284, 0.053990869806191284, 0.053990869806191284, 0.053990869806191284, 0.053990869806191284, 0.053990869806191284, -0.17013446382737904, 0.053990869806191284, 0.053990869806191284, 0.053990869806191284, 0.053990869806191284, 0.053990869806191284, 0.053990869806191284, 0.053990869806191284, 0.053990869806191284, 0.20856471129504378, -1.3807862884276563e-06, 0.053990869806191284, 0.053990869806191284, 0.053990869806191284, 0.053990869806191284, 0.053990869806191284, 0.053990869806191284, 0.053990869806191284, 0.053990869806191284, 0.20856471129504378, -0.1196609448469746, -0.0976478105974521, 0.053990869806191284, 0.053990869806191284, 0.053990869806191284, 0.053990869806191284, 0.053990869806191284, 0.053990869806191284, 0.053990869806191284, 0.053990869806191284, 0.20856471129504378, -0.1196609448469746, -0.0588476832717511, -0.2492527454050604, 0.053990869806191284, 0.053990869806191284, 0.053990869806191284, 0.053990869806191284, 0.053990869806191284, 0.053990869806191284, 0.053990869806191284, 0.053990869806191284, 0.20856471129504378, -0.1196609448469746, -0.0588476832717511, 0.23476822224735056, 0.2603038325846384, 0.053990869806191284, 0.053990869806191284, 0.053990869806191284, 0.053990869806191284, 0.053990869806191284, 0.053990869806191284, 0.053990869806191284, 0.053990869806191284, 0.20856471129504378, -0.1196609448469746, -0.0588476832717511, 0.23476822224735056, -0.05022229573980854, 0.12083451771780859, 0.053990869806191284, 0.053990869806191284, 0.053990869806191284, 0.053990869806191284, 0.053990869806191284, 0.053990869806191284, 0.053990869806191284, 0.053990869806191284, 0.20856471129504378, -0.1196609448469746, -0.0588476832717511, 0.23476822224735056, -0.05022229573980854, -0.013163137216330152, 0.2528814629462944]
b=[0.053990869806191284, 0.053990869806191284, 0.053990869806191284, 0.053990869806191284, 0.053990869806191284, 0.053990869806191284, 0.053990869806191284, 0.053990869806191284, 0.20856471129504378, -0.1196609448469746, -0.0588476832717511, 0.23476822224735056, -0.05022229573980854, -0.013163137216330152, 0.08055075224646756, 0.28608341683647204]


a=[0.050652615787137, 0.04047788921259289, 0.041787042742480816, 0.04047788921259289, 0.04047788921259289, 0.05967673007836353, 0.04047788921259289, 0.04047788921259289, 0.04047788921259289, 0.006545760118737757, 0.04047788921259289, 0.04047788921259289, 0.04047788921259289, 0.04047788921259289, 0.28003487012175454, 0.04047788921259289, 0.04047788921259289, 0.04047788921259289, 0.04047788921259289, 0.04047788921259289, 0.007913718324191077, 0.04047788921259289, 0.04047788921259289, 0.04047788921259289, 0.04047788921259289, 0.04047788921259289, 0.04047788921259289, 0.3181577354403918, 0.04047788921259289, 0.04047788921259289, 0.04047788921259289, 0.04047788921259289, 0.04047788921259289, 0.04047788921259289, 0.04047788921259289, 0.19954086115673006, 0.04047788921259289, 0.04047788921259289, 0.04047788921259289, 0.04047788921259289, 0.04047788921259289, 0.04047788921259289, 0.04047788921259289, 0.04047788921259289, 0.33201396859152094, 0.04047788921259289, 0.04047788921259289, 0.04047788921259289, 0.04047788921259289, 0.04047788921259289, 0.04047788921259289, 0.04047788921259289, 0.04047788921259289, 0.12951034242595635, -0.15363772841616222, 0.04047788921259289, 0.04047788921259289, 0.04047788921259289, 0.04047788921259289, 0.04047788921259289, 0.04047788921259289, 0.04047788921259289, 0.04047788921259289, 0.12951034242595635, 0.29150992226898215, -0.0003248184732324562, 0.04047788921259289, 0.04047788921259289, 0.04047788921259289, 0.04047788921259289, 0.04047788921259289, 0.04047788921259289, 0.04047788921259289, 0.04047788921259289, 0.12951034242595635, 0.29150992226898215, 0.09056916704329136, 0.0499939218932069, 0.04047788921259289, 0.0404778892125929, 0.040477889212592884, 0.04047788921259289, 0.04047788921259289, 0.04047788921259289, 0.04047788921259289, 0.04047788921259289, 0.12951034242595635, 0.29150992226898215, 0.09056916704329136, -0.027012741218020733, 0.07766801004913945, 0.04047788921259289, 0.04047788921259289, 0.04047788921259289, 0.04047788921259289, 0.04047788921259289, 0.04047788921259289, 0.04047788921259289, 0.04047788921259289, 0.12951034242595635, 0.29150992226898215, 0.09056916704329136, -0.027012741218020733, -0.011829078031933608, 0.2866763194690253, 0.04047788921259289, 0.04047788921259289, 0.04047788921259289, 0.04047788921259289, 0.04047788921259289, 0.04047788921259289, 0.04047788921259289, 0.04047788921259289, 0.12951034242595635, 0.29150992226898215, 0.09056916704329136, -0.027012741218020733, -0.011829078031933608, 0.24297377885908175, -0.0034466459244665657]
b=[0.04047788921259289, 0.04047788921259289, 0.04047788921259289, 0.04047788921259289, 0.04047788921259289, 0.04047788921259289, 0.04047788921259289, 0.04047788921259289, 0.12951034242595635, 0.29150992226898215, 0.09056916704329136, -0.027012741218020733, -0.011829078031933608, 0.24297377885908175, 0.21287634099232008, -0.2524208460404206]

a=[0.010887191574559184, 0.009217007552180174, 0.06119137775802948, 0.009217007552180174, 0.009217007552180174, 0.06643130593550962, 0.009217007552180174, 0.009217007552180174, 0.009217007552180174, 0.0014913993145846596, 0.009217007552180174, 0.009217007552180174, 0.009217007552180174, 0.009217007552180174, 0.44258723489382606, 0.009217007552180174, 0.009217007552180174, 0.009217007552180174, 0.009217007552180174, 0.009217007552180174, 0.003779584960103527, 0.009217007552180174, 0.009217007552180174, 0.009217007552180174, 0.009217007552180174, 0.009217007552180174, 0.009217007552180174, 0.06321021149701589, 0.009217007552180174, 0.009217007552180174, 0.009217007552180174, 0.009217007552180174, 0.009217007552180174, 0.009217007552180174, 0.009217007552180174, 0.15661784433587025, 0.009217007552180174, 0.009217007552180174, 0.009217007552180174, 0.009217007552180174, 0.009217007552180174, 0.009217007552180174, 0.009217007552180174, 0.009217007552180174, 0.3820940192019536, 0.009217007552180174, 0.009217007552180174, 0.009217007552180174, 0.009217007552180174, 0.009217007552180174, 0.009217007552180174, 0.009217007552180174, 0.009217007552180174, 0.28818595046698836, 0.5749302320917821, 0.009217007552180174, 0.009217007552180174, 0.009217007552180174, 0.009217007552180174, 0.009217007552180174, 0.009217007552180174, 0.009217007552180174, 0.009217007552180174, 0.28818595046698836, 0.3634568259144461, 0.07184420253235248, 0.009217007552180174, 0.009217007552180174, 0.009217007552180174, 0.009217007552180174, 0.009217007552180174, 0.009217007552180174, 0.009217007552180174, 0.009217007552180174, 0.28818595046698836, 0.3634568259144461, -0.33384356427558654, -0.00311255676077434, 0.009217007552180174, 0.009217007552180174, 0.009217007552180174, 0.009217007552180174, 0.009217007552180174, 0.009217007552180174, 0.009217007552180174, 0.009217007552180174, 0.28818595046698836, 0.3634568259144461, -0.33384356427558654, 0.4814935263583479, 0.10961519113439741, 0.009217007552180174, 0.009217007552180174, 0.009217007552180174, 0.009217007552180174, 0.009217007552180174, 0.009217007552180174, 0.009217007552180174, 0.009217007552180174, 0.28818595046698836, 0.3634568259144461, -0.33384356427558654, 0.4814935263583479, -0.2085124368112936, -0.5159544463349349, 0.009217007552180174, 0.009217007552180174, 0.009217007552180174, 0.009217007552180174, 0.009217007552180174, 0.009217007552180174, 0.009217007552180174, 0.009217007552180174, 0.28818595046698836, 0.3634568259144461, -0.33384356427558654, 0.4814935263583479, -0.2085124368112936, 0.26785717945920484, -0.41944812293950723]
b=[0.009217007552180174, 0.009217007552180174, 0.009217007552180174, 0.009217007552180174, 0.009217007552180174, 0.009217007552180174, 0.009217007552180174, 0.009217007552180174, 0.28818595046698836, 0.3634568259144461, -0.33384356427558654, 0.4814935263583479, -0.2085124368112936, 0.26785717945920484, 0.06909181949420512, -0.0014653610237535398]



a=[0.013009329649396072, 0.09481564959954167, 0.3146644315894552, 0.09481564959954167, 0.09481564959954167, 0.4187073212602262, 0.09481564959954167, 0.09481564959954167, 0.09481564959954167, 0.2550604624207876, 0.09481564959954167, 0.09481564959954167, 0.09481564959954167, 0.09481564959954167, -0.00013769141313294306, 0.09481564959954167, 0.09481564959954167, 0.09481564959954167, 0.09481564959954167, 0.09481564959954167, -0.2645896921620251, 0.09481564959954167, 0.09481564959954167, 0.09481564959954167, 0.09481564959954167, 0.09481564959954167, 0.09481564959954167, 0.15750736779404687, 0.09481564959954167, 0.09481564959954167, 0.09481564959954167, 0.09481564959954167, 0.09481564959954167, 0.09481564959954167, 0.09481564959954167, -0.0017104126239738983, 0.09481564959954167, 0.09481564959954167, 0.09481564959954167, 0.09481564959954167, 0.09481564959954167, 0.09481564959954167, 0.09481564959954167, 0.09481564959954167, -0.10465151937001946, 0.09481564959954167, 0.09481564959954167, 0.09481564959954167, 0.09481564959954167, 0.09481564959954167, 0.09481564959954167, 0.09481564959954167, 0.09481564959954167, 0.35297387212390974, -0.5895644475793625, 0.09481564959954167, 0.09481564959954167, 0.09481564959954167, 0.09481564959954167, 0.09481564959954167, 0.09481564959954167, 0.09481564959954167, 0.09481564959954167, 0.35297387212390974, 0.3939801102334871, 0.15599048175058142, 0.09481564959954167, 0.09481564959954167, 0.09481564959954167, 0.09481564959954167, 0.09481564959954167, 0.09481564959954167, 0.09481564959954167, 0.09481564959954167, 0.35297387212390974, 0.3939801102334871, -0.6037801328566886, -0.49162524295488386, 0.09481564959954167, 0.09481564959954167, 0.09481564959954167, 0.09481564959954167, 0.09481564959954167, 0.09481564959954167, 0.09481564959954167, 0.09481564959954167, 0.35297387212390974, 0.3939801102334871, -0.6037801328566886, -0.049562046933890234, 0.00040267703832388995, 0.09481564959954167, 0.09481564959954167, 0.09481564959954167, 0.09481564959954167, 0.09481564959954167, 0.09481564959954167, 0.09481564959954167, 0.09481564959954167, 0.35297387212390974, 0.3939801102334871, -0.6037801328566886, -0.049562046933890234, 0.0004244487285258079, 0.5601534175679117, 0.09481564959954167, 0.09481564959954167, 0.09481564959954167, 0.09481564959954167, 0.09481564959954167, 0.09481564959954167, 0.09481564959954167, 0.09481564959954167, 0.35297387212390974, 0.3939801102334871, -0.6037801328566886, -0.049562046933890234, 0.0004244487285258079, 0.3517436438997201, -0.0007032701863732717]
b=[0.09481564959954167, 0.09481564959954167, 0.09481564959954167, 0.09481564959954167, 0.09481564959954167, 0.09481564959954167, 0.09481564959954167, 0.09481564959954167, 0.35297387212390974, 0.3939801102334871, -0.6037801328566886, -0.049562046933890234, 0.0004244487285258079, 0.3517436438997201, 0.37527134612081425, -0.5795764381122113]


a=[0.011267488206863765, 0.010741364441521288, 0.011979614975682503, 0.010741364441521288, 0.010741364441521288, 0.13775888071879383, 0.010741364441521288, 0.010741364441521288, 0.010741364441521288, -0.015897498015702415, 0.010741364441521288, 0.010741364441521288, 0.010741364441521288, 0.010741364441521288, -0.0026993259760432066, 0.010741364441521288, 0.010741364441521288, 0.010741364441521288, 0.010741364441521288, 0.010741364441521288, 0.036694414510915825, 0.010741364441521288, 0.010741364441521288, 0.010741364441521288, 0.010741364441521288, 0.010741364441521288, 0.010741364441521288, -0.3531089423929275, 0.010741364441521288, 0.010741364441521288, 0.010741364441521288, 0.010741364441521288, 0.010741364441521288, 0.010741364441521288, 0.010741364441521288, 0.3891413326875675, 0.010741364441521288, 0.010741364441521288, 0.010741364441521288, 0.010741364441521288, 0.010741364441521288, 0.010741364441521288, 0.010741364441521288, 0.010741364441521288, 0.38749389122303, 0.010741364441521288, 0.010741364441521288, 0.010741364441521288, 0.010741364441521288, 0.010741364441521288, 0.010741364441521288, 0.010741364441521288, 0.010741364441521288, -0.3021771999951269, -0.00015152033208869545, 0.010741364441521288, 0.010741364441521288, 0.010741364441521288, 0.010741364441521288, 0.010741364441521288, 0.010741364441521288, 0.010741364441521288, 0.010741364441521288, -0.3021771999951269, 0.28374907574240144, 0.3709926090303681, 0.010741364441521288, 0.010741364441521288, 0.010741364441521288, 0.010741364441521288, 0.010741364441521288, 0.010741364441521288, 0.010741364441521288, 0.010741364441521288, -0.3021771999951269, 0.28374907574240144, 0.029769488552580478, 0.4177589164697343, 0.010741364441521288, 0.010741364441521288, 0.010741364441521288, 0.010741364441521288, 0.010741364441521288, 0.010741364441521288, 0.010741364441521288, 0.010741364441521288, -0.3021771999951269, 0.28374907574240144, 0.029769488552580478, 0.43643609341791506, 0.09179142403061015, 0.010741364441521288, 0.010741364441521288, 0.010741364441521288, 0.010741364441521288, 0.010741364441521288, 0.010741364441521288, 0.010741364441521288, 0.010741364441521288, -0.3021771999951269, 0.28374907574240144, 0.029769488552580478, 0.43643609341791506, 0.34378995814885427, 0.18996453915353556, 0.010741364441521288, 0.010741364441521288, 0.010741364441521288, 0.010741364441521288, 0.010741364441521288, 0.010741364441521288, 0.010741364441521288, 0.010741364441521288, -0.3021771999951269, 0.28374907574240144, 0.029769488552580478, 0.43643609341791506, 0.34378995814885427, -0.0691096728882846, 0.03640558428519567]
b=[0.010741364441521288, 0.010741364441521288, 0.010741364441521288, 0.010741364441521288, 0.010741364441521288, 0.010741364441521288, 0.010741364441521288, 0.010741364441521288, -0.3021771999951269, 0.28374907574240144, 0.029769488552580478, 0.43643609341791506, 0.34378995814885427, -0.0691096728882846, 0.11129858070429186, 0.08031276078519804]








