#Raw raw data with van der pool 15 stage esrk 2S-1 two reg implementation

h values: [0.05       0.04035544 0.03257123 0.02628852 0.0212177  0.01712499
 0.01382173 0.01115564 0.00900381 0.00726706 0.00586531 0.00473394
 0.0038208  0.0030838  0.00248897 0.00200887 0.00162137 0.00130862
 0.0010562  0.00085247 0.00068804 0.00055532 0.0004482  0.00036175
 0.00029197 0.00023565 0.0001902  0.00015351 0.0001239  0.0001    ]
Errors: [0.01381383421540848409, 0.00613355578099947879, 0.0025595847420042933375, 0.001155882884117862229, 0.0005584852132589825804, 0.00028237088298974819358, 0.00014588227674714919005, 7.6147992210713293667e-05, 3.994640919320019457e-05, 2.1005271649981395126e-05, 1.1057077091905912529e-05, 5.8227023949095097687e-06, 3.0664519432683980814e-06, 1.6147518233840749853e-06, 8.501666169668323583e-07, 4.4753019255890613358e-07, 2.3553884554234108327e-07, 1.2394568514177845004e-07, 6.521352568690151984e-08, 3.4307619438725676255e-08, 1.8046747141972379022e-08, 9.492286204741907823e-09, 4.9924465561518966226e-09, 2.6256598309398707023e-09, 1.3809012743026224967e-09, 7.262177753597625296e-10, 3.8195810826607404705e-10, 2.0095680027392814983e-10, 1.05716618306409055053e-10, 5.5663147132811708186e-11]
Empirical orders: [3.7886511048725200956, 4.078126609498042705, 3.7097169274155110848, 3.3943179985902353461, 3.182533052330513352, 3.081806758026467367, 3.033741829403125063, 3.010496814871919077, 2.9994160228029685205, 2.994457503057293935, 2.9926070200432384179, 2.9923135383267398006, 2.9927642717249303298, 2.9935309866567138858, 2.9943902691275527395, 2.9952293406792581548, 2.995995785598776409, 2.9966684390719953326, 2.9972418308434319988, 2.997720558151265899, 2.998112298412002946, 2.9984270227555620293, 2.9986157511537992458, 2.998625049054568619, 2.998839149666410958, 2.9983597732059551592, 2.9968757563124952305, 2.9973745111000387798, 2.993249141556173066]
Function evaluations per run (≈ iters×15): [3015, 3720, 4620, 5715, 7080, 8760, 10860, 13455, 16665, 20655, 25575, 31695, 39270, 48645, 60270, 74670, 92520, 114630, 142020, 175965, 218025, 270120, 334680, 414660, 513750, 636540, 788670, 977145, 1210665, 1500000]
CPU times (s): [0.12690186500549316, 0.11596560478210449, 0.13974642753601074, 0.20011115074157715, 0.23124909400939941, 0.3127937316894531, 0.37749338150024414, 0.44496703147888184, 0.514235258102417, 0.6720387935638428, 0.8186309337615967, 1.004591464996338, 1.1641361713409424, 1.4277374744415283, 1.7854223251342773, 2.3139302730560303, 2.979506254196167, 3.4798896312713623, 4.361322641372681, 5.4426589012146, 5.986595392227173, 8.257686614990234, 10.318484783172607, 12.634944200515747, 15.552394151687622, 19.114992380142212, 23.38654398918152, 29.71743631362915, 37.03555989265442, 46.70927405357361]
Peak memory (bytes): [57200, 69752, 86512, 105968, 131184, 161008, 199536, 247216, 306352, 377008, 467120, 579312, 718384, 884208, 1096624, 1360048, 1687088, 2092720, 2596080, 3196784, 3965744, 4919472, 6103152, 7571760, 9324592, 11567664, 14350640, 17803504, 22087856, 27203888]
============================================================================================================================================================================================================================================



======================================2S-8=================================================================================================================================================================================================
h values: [0.05       0.04035544 0.03257123 0.02628852 0.0212177  0.01712499
 0.01382173 0.01115564 0.00900381 0.00726706 0.00586531 0.00473394
 0.0038208  0.0030838  0.00248897 0.00200887 0.00162137 0.00130862
 0.0010562  0.00085247 0.00068804 0.00055532 0.0004482  0.00036175
 0.00029197 0.00023565 0.0001902  0.00015351 0.0001239  0.0001    ]
Errors: [0.013798416482248906841, 0.0066747930813460985768, 0.0027442392398450870412, 0.0012218627405120589426, 0.0005821627773123886689, 0.000290544849217044695, 0.00014850264468561173115, 7.686043654282562832e-05, 4.0059451796549293272e-05, 2.096647975876719604e-05, 1.1004365353622493472e-05, 5.7886517317784401893e-06, 3.0518225975227134923e-06, 1.6133232964336144082e-06, 8.560887024613643146e-07, 4.568105038730684397e-07, 2.4583212618612454847e-07, 1.3402834350730920996e-07, 7.4533866785206158974e-08, 4.267617166252046684e-08, 2.544334369949576056e-08, 1.5957265277817034723e-08, 1.0578040856958473151e-08, 7.3865643936174117847e-09, 5.380426783683925312e-09, 4.0399936714396227582e-09, 3.094529280064126415e-09, 2.3986976961600319059e-09, 1.870493926284970206e-09, 1.4611920825414155507e-09]
Empirical orders: [3.3888304826448008868, 4.147678283882880865, 3.775731811312052752, 3.4596018600082891238, 3.2431284255902478595, 3.1318950456735909203, 3.0733609058430605254, 3.040766474566503886, 3.021228462181329486, 3.0081308861205505191, 2.9976768136075873197, 2.9872603104542372996, 2.974578631725016772, 2.957008238350657443, 2.9310062109907689142, 2.8914088958167797456, 2.8306419186648589916, 2.7382471490541896856, 2.602058478797646478, 2.4134120735825529726, 2.1770734247348396111, 1.918525775061869009, 1.675794765394600536, 1.4787667516440083876, 1.3370453125358998788, 1.244102958290703014, 1.1885842617370201446, 1.160649154951310134, 1.1523732250385362145]
Function evaluations per run (≈ iters×15): [3015, 3720, 4620, 5715, 7080, 8760, 10860, 13455, 16665, 20655, 25575, 31695, 39270, 48645, 60270, 74670, 92520, 114630, 142020, 175965, 218025, 270120, 334680, 414660, 513750, 636540, 788670, 977145, 1210665, 1500000]
CPU times (s): [0.13606691360473633, 0.09235930442810059, 0.15703558921813965, 0.15204238891601562, 0.21287131309509277, 0.22037410736083984, 0.28270578384399414, 0.42182087898254395, 0.4942052364349365, 0.582482099533081, 0.7370507717132568, 0.9722976684570312, 1.2517943382263184, 1.5231332778930664, 1.9254124164581299, 2.3817617893218994, 2.7563202381134033, 3.5401997566223145, 4.135859489440918, 5.176749229431152, 6.700208425521851, 8.589928388595581, 10.312196493148804, 12.837043046951294, 15.420120000839233, 20.116756916046143, 24.775027990341187, 30.2283992767334, 38.196398973464966, 46.289830923080444]
Peak memory (bytes): [57200, 69752, 86512, 105968, 131184, 161008, 199536, 247216, 306352, 377008, 467120, 579312, 718384, 884208, 1096624, 1360048, 1687088, 2092720, 2596080, 3196784, 3965744, 4919472, 6103152, 7571760, 9324592, 11567664, 14350640, 17803504, 22087856, 27203888]
gavin@Nitro-AN515-58-df85a443:~$ 



h values: [0.05       0.04035544 0.03257123 0.02628852 0.0212177  0.01712499
 0.01382173 0.01115564 0.00900381 0.00726706 0.00586531 0.00473394
 0.0038208  0.0030838  0.00248897 0.00200887 0.00162137 0.00130862
 0.0010562  0.00085247 0.00068804 0.00055532 0.0004482  0.00036175
 0.00029197 0.00023565 0.0001902  0.00015351 0.0001239  0.0001    ]
Errors: [0.013798416482248906841, 0.0066747930813460985768, 0.0027442392398450870412, 0.0012218627405120589426, 0.0005821627773123886689, 0.000290544849217044695, 0.00014850264468561173115, 7.686043654282562832e-05, 4.0059451796549293272e-05, 2.096647975876719604e-05, 1.1004365353622493472e-05, 5.7886517317784401893e-06, 3.0518225975227134923e-06, 1.6133232964336144082e-06, 8.560887024613643146e-07, 4.568105038730684397e-07, 2.4583212618612454847e-07, 1.3402834350730920996e-07, 7.4533866785206158974e-08, 4.267617166252046684e-08, 2.544334369949576056e-08, 1.5957265277817034723e-08, 1.0578040856958473151e-08, 7.3865643936174117847e-09, 5.380426783683925312e-09, 4.0399936714396227582e-09, 3.094529280064126415e-09, 2.3986976961600319059e-09, 1.870493926284970206e-09, 1.4611920825414155507e-09]
Empirical orders: [3.3888304826448008868, 4.147678283882880865, 3.775731811312052752, 3.4596018600082891238, 3.2431284255902478595, 3.1318950456735909203, 3.0733609058430605254, 3.040766474566503886, 3.021228462181329486, 3.0081308861205505191, 2.9976768136075873197, 2.9872603104542372996, 2.974578631725016772, 2.957008238350657443, 2.9310062109907689142, 2.8914088958167797456, 2.8306419186648589916, 2.7382471490541896856, 2.602058478797646478, 2.4134120735825529726, 2.1770734247348396111, 1.918525775061869009, 1.675794765394600536, 1.4787667516440083876, 1.3370453125358998788, 1.244102958290703014, 1.1885842617370201446, 1.160649154951310134, 1.1523732250385362145]
Function evaluations per run (≈ iters×15): [3015, 3720, 4620, 5715, 7080, 8760, 10860, 13455, 16665, 20655, 25575, 31695, 39270, 48645, 60270, 74670, 92520, 114630, 142020, 175965, 218025, 270120, 334680, 414660, 513750, 636540, 788670, 977145, 1210665, 1500000]
CPU times (s): [0.10407733917236328, 0.09495306015014648, 0.16486549377441406, 0.15849900245666504, 0.2342369556427002, 0.3044757843017578, 0.36766648292541504, 0.47457313537597656, 0.5732772350311279, 0.6676504611968994, 0.8680529594421387, 1.0850718021392822, 1.357046365737915, 1.6906452178955078, 2.085422992706299, 2.634531021118164, 3.1876416206359863, 3.9282002449035645, 4.879643440246582, 6.1535420417785645, 7.631048679351807, 9.630268812179565, 11.634531736373901, 14.467057943344116, 17.64734196662903, 22.851033926010132, 28.695876836776733, 34.54235076904297, 41.17054104804993, 50.29544973373413]
Peak memory (bytes): [57200, 69752, 86512, 105968, 131184, 161008, 199536, 247216, 306352, 377008, 467120, 579312, 718384, 884208, 1096624, 1360048, 1687088, 2092720, 2596080, 3196784, 3965744, 4919472, 6103152, 7571760, 9324592, 11567664, 14350640, 17803504, 22087856, 27203888]





h values: [0.05       0.04035544 0.03257123 0.02628852 0.0212177  0.01712499
 0.01382173 0.01115564 0.00900381 0.00726706 0.00586531 0.00473394
 0.0038208  0.0030838  0.00248897 0.00200887 0.00162137 0.00130862
 0.0010562  0.00085247 0.00068804 0.00055532 0.0004482  0.00036175
 0.00029197 0.00023565 0.0001902  0.00015351 0.0001239  0.0001    ]
Errors: [0.013798416482248906841, 0.0066747930813460985768, 0.0027442392398450870412, 0.0012218627405120589426, 0.0005821627773123886689, 0.000290544849217044695, 0.00014850264468561173115, 7.686043654282562832e-05, 4.0059451796549293272e-05, 2.096647975876719604e-05, 1.1004365353622493472e-05, 5.7886517317784401893e-06, 3.0518225975227134923e-06, 1.6133232964336144082e-06, 8.560887024613643146e-07, 4.568105038730684397e-07, 2.4583212618612454847e-07, 1.3402834350730920996e-07, 7.4533866785206158974e-08, 4.267617166252046684e-08, 2.544334369949576056e-08, 1.5957265277817034723e-08, 1.0578040856958473151e-08, 7.3865643936174117847e-09, 5.380426783683925312e-09, 4.0399936714396227582e-09, 3.094529280064126415e-09, 2.3986976961600319059e-09, 1.870493926284970206e-09, 1.4611920825414155507e-09]
Empirical orders: [3.3888304826448008868, 4.147678283882880865, 3.775731811312052752, 3.4596018600082891238, 3.2431284255902478595, 3.1318950456735909203, 3.0733609058430605254, 3.040766474566503886, 3.021228462181329486, 3.0081308861205505191, 2.9976768136075873197, 2.9872603104542372996, 2.974578631725016772, 2.957008238350657443, 2.9310062109907689142, 2.8914088958167797456, 2.8306419186648589916, 2.7382471490541896856, 2.602058478797646478, 2.4134120735825529726, 2.1770734247348396111, 1.918525775061869009, 1.675794765394600536, 1.4787667516440083876, 1.3370453125358998788, 1.244102958290703014, 1.1885842617370201446, 1.160649154951310134, 1.1523732250385362145]
Function evaluations per run (≈ iters×15): [3015, 3720, 4620, 5715, 7080, 8760, 10860, 13455, 16665, 20655, 25575, 31695, 39270, 48645, 60270, 74670, 92520, 114630, 142020, 175965, 218025, 270120, 334680, 414660, 513750, 636540, 788670, 977145, 1210665, 1500000]
CPU times (s): [0.14606070518493652, 0.1576704978942871, 0.17675065994262695, 0.15482664108276367, 0.26268887519836426, 0.3265361785888672, 0.3679342269897461, 0.4772908687591553, 0.5875177383422852, 0.6872279644012451, 0.8369889259338379, 1.0715219974517822, 1.2757165431976318, 1.5895168781280518, 1.8897910118103027, 2.5570504665374756, 3.1908562183380127, 4.039167165756226, 4.89223575592041, 6.089555501937866, 7.414193868637085, 9.459673166275024, 11.865273714065552, 14.459084033966064, 17.629671573638916, 22.062057971954346, 29.250189304351807, 34.414406538009644, 41.674840211868286, 50.79153609275818]
Peak memory (bytes): [57200, 69752, 86512, 105968, 131184, 161008, 199536, 247216, 306352, 377008, 467120, 579312, 718384, 884208, 1096624, 1360048, 1687088, 2092720, 2596080, 3196784, 3965744, 4919472, 6103152, 7571760, 9324592, 11567664, 14350640, 17803504, 22087856, 27203888]
gavin@Nitro-AN515-58-df85a443:~$

===================================================2S-1 u=5 ==================================================================================================================================================================================

h values: [0.05       0.04035544 0.03257123 0.02628852 0.0212177  0.01712499
 0.01382173 0.01115564 0.00900381 0.00726706 0.00586531 0.00473394
 0.0038208  0.0030838  0.00248897 0.00200887 0.00162137 0.00130862
 0.0010562  0.00085247 0.00068804 0.00055532 0.0004482  0.00036175
 0.00029197 0.00023565 0.0001902  0.00015351 0.0001239  0.0001    ]
Errors: [0.00094687784069625733865, 0.00046068715915408524252, 0.00023311951002925077566, 0.00012014903083867814088, 6.250686455638850274e-05, 3.2680755326511302673e-05, 1.7132808795389361687e-05, 8.99520344220249876e-06, 4.7265921651079021627e-06, 2.4847143156227117179e-06, 1.306483772527957953e-06, 6.8703422028279236803e-07, 3.613022439006881946e-07, 1.9000504282981049533e-07, 9.9920288370146032145e-08, 5.2545152138367207152e-08, 2.7631267159807031917e-08, 1.4529748686287260128e-08, 7.640206689434647242e-09, 4.017375033803705416e-09, 2.1123720010780925611e-09, 1.1106779848486867253e-09, 5.8397098100455492687e-10, 3.0702651221697293492e-10, 1.6141024240345901298e-10, 8.484233978152688132e-11, 4.4585850242074329034e-11, 2.3424527378549295156e-11, 1.228736299847121804e-11, 6.437950106175876684e-12]
Empirical orders: [3.361929741974791933, 3.17861890594432961, 3.0929918176046440699, 3.0493055323613240538, 3.026129682443254196, 3.013535530638932751, 3.0065950155283958467, 3.0027836207951422484, 3.0007293061551623052, 2.999663136101182327, 2.999160366540399782, 2.9989676023728520076, 2.998944187870185852, 2.9990077699941876915, 2.9991106643005703415, 2.9992269981062793247, 2.9993435527906268647, 2.9994541771548926183, 2.9995587931960743424, 2.9996581029002899674, 2.9997683971493017028, 2.9999258996672850531, 3.0001245735701254744, 3.0004404934948168523, 3.0012319947015067758, 3.002275654687973777, 3.0034643751855879539, 3.0108346132941369792, 3.0161955724535193055]
Function evaluations per run (≈ iters×15): [3015, 3720, 4620, 5715, 7080, 8760, 10860, 13455, 16665, 20655, 25575, 31695, 39270, 48645, 60270, 74670, 92520, 114630, 142020, 175965, 218025, 270120, 334680, 414660, 513750, 636540, 788670, 977145, 1210665, 1500000]
CPU times (s): [0.08759832382202148, 0.0847017765045166, 0.10447263717651367, 0.12914705276489258, 0.15988397598266602, 0.1980888843536377, 0.24665451049804688, 0.3064248561859131, 0.37764430046081543, 0.4667677879333496, 0.5777304172515869, 0.7161922454833984, 0.8893530368804932, 1.1027827262878418, 1.38694429397583, 1.7944161891937256, 2.095214366912842, 2.592442750930786, 3.2121126651763916, 4.027281045913696, 5.200026750564575, 6.329794883728027, 8.294740200042725, 11.010825157165527, 14.243857860565186, 17.586183786392212, 20.435662984848022, 24.40443444252014, 30.185882806777954, 37.13361716270447]
Peak memory (bytes): [57200, 69752, 86512, 105968, 131184, 161008, 199536, 247216, 306352, 377008, 467120, 579312, 718384, 884208, 1096624, 1360048, 1687088, 2092720, 2596080, 3196784, 3965744, 4919472, 6103152, 7571760, 9324592, 11567664, 14350640, 17803504, 22087856, 27203888]


==============================================================2S-8 u =5 =============================================================================================================================================================





h values: [0.05       0.04035544 0.03257123 0.02628852 0.0212177  0.01712499
 0.01382173 0.01115564 0.00900381 0.00726706 0.00586531 0.00473394
 0.0038208  0.0030838  0.00248897 0.00200887 0.00162137 0.00130862
 0.0010562  0.00085247 0.00068804 0.00055532 0.0004482  0.00036175
 0.00029197 0.00023565 0.0001902  0.00015351 0.0001239  0.0001    ]
Errors: [0.00095683442517960455025, 0.00045951457391970429097, 0.00022992885902630436785, 0.000117426262517015895564, 6.0640968348440980522e-05, 3.1518820973070023756e-05, 1.6447896078610462442e-05, 8.606229149552554734e-06, 4.5120634291697817427e-06, 2.369578900848637549e-06, 1.2465694658598295785e-06, 6.571648734218642766e-07, 3.474626411665848118e-07, 1.8454180510404416365e-07, 9.872841868564852208e-08, 5.3464436903765109505e-08, 2.9548356062212228801e-08, 1.6879435196771152375e-08, 1.0128951332538680291e-08, 6.4746164459871499845e-09, 4.4230404557062011324e-09, 3.197229360787190372e-09, 2.4057184437873370212e-09, 1.8560531958089765509e-09, 1.4526856783378935443e-09, 1.1456423925443775878e-09, 9.065771019790136184e-10, 7.178721604982295986e-10, 5.6764250749495172963e-10, 4.4746668353173380456e-10]
Empirical orders: [3.422634392149443545, 3.231035673924849734, 3.1356477176039629189, 3.0837594308232639598, 3.0536422232993580504, 3.0349832266016859253, 3.0224959806017883614, 3.013258226210858028, 3.0053748748471156675, 2.997323414904685376, 2.9875182536167273653, 2.9738087175071774469, 2.9528254111532244196, 2.9188634565504079797, 2.8621801360124255226, 2.767136543716657646, 2.6128808281028121207, 2.38313480622645057, 2.0882643023310302614, 1.7781971970206147652, 1.514454198961843345, 1.3272992443963673647, 1.2104532367460508937, 1.1434525614325302782, 1.1080355827314927489, 1.0921520302284603852, 1.0890715291630559631, 1.0956749584965899298, 1.1100945662015400993]
Function evaluations per run (≈ iters×15): [3015, 3720, 4620, 5715, 7080, 8760, 10860, 13455, 16665, 20655, 25575, 31695, 39270, 48645, 60270, 74670, 92520, 114630, 142020, 175965, 218025, 270120, 334680, 414660, 513750, 636540, 788670, 977145, 1210665, 1500000]
CPU times (s): [0.08854293823242188, 0.08509635925292969, 0.11474251747131348, 0.14587187767028809, 0.16688323020935059, 0.21437454223632812, 0.2640652656555176, 0.3263990879058838, 0.4049248695373535, 0.4995701313018799, 0.6164262294769287, 0.7626237869262695, 0.9081478118896484, 1.1059839725494385, 1.4867639541625977, 1.749619483947754, 2.2975144386291504, 2.7435364723205566, 3.8614110946655273, 4.709680795669556, 5.660821437835693, 7.241068124771118, 9.193471193313599, 11.380414485931396, 13.93147587776184, 16.16604256629944, 19.498140811920166, 24.91967225074768, 30.22073531150818, 34.508342266082764]
Peak memory (bytes): [57200, 69752, 86512, 105968, 131184, 161008, 199536, 247216, 306352, 377008, 467120, 579312, 718384, 884208, 1096624, 1360048, 1687088, 2092720, 2596080, 3196784, 3965744, 4919472, 6103152, 7571760, 9324592, 11567664, 14350640, 17803504, 22087856, 27203888]
